       Value   Percentile   TotalCount 1/(1-Percentile)

        0.87     0.000000            1         1.00
        1.81     0.050000           10         1.05
        2.17     0.100000           21         1.11
        2.32     0.150000           30         1.18
        2.42     0.200000           45         1.25
        2.58     0.250000           50         1.33
        3.09     0.300000           60         1.43
        3.28     0.350000           70         1.54
        3.71     0.400000           84         1.67
        4.06     0.450000           90         1.82
        4.51     0.500000          100         2.00
        4.67     0.525000          105         2.11
        4.86     0.550000          113         2.22
        4.93     0.575000          115         2.35
        4.99     0.600000          123         2.50
        5.15     0.625000          126         2.67
        5.50     0.650000          130         2.86
        5.63     0.675000          135         3.08
        5.79     0.700000          140         3.33
        5.92     0.725000          146         3.64
        5.98     0.750000          150         4.00
        6.05     0.762500          154         4.21
        6.08     0.775000          155         4.44
        6.27     0.787500          158         4.71
        6.40     0.800000          161         5.00
        6.59     0.812500          164         5.33
        6.62     0.825000          166         5.71
        6.75     0.837500          168         6.15
        6.85     0.850000          170         6.67
        6.91     0.862500          173         7.27
        6.94     0.875000          175         8.00
        7.04     0.881250          177         8.42
        7.07     0.887500          178         8.89
        7.10     0.893750          180         9.41
        7.10     0.900000          180        10.00
        7.17     0.906250          183        10.67
        7.17     0.912500          183        11.43
        7.20     0.918750          186        12.31
        7.20     0.925000          186        13.33
        7.26     0.931250          187        14.55
        7.55     0.937500          188        16.00
        7.62     0.940625          189        16.84
        7.62     0.943750          189        17.78
        7.65     0.946875          190        18.82
        7.65     0.950000          190        20.00
        7.90     0.953125          191        21.33
        8.00     0.956250          193        22.86
        8.00     0.959375          193        24.62
        8.00     0.962500          193        26.67
        8.26     0.965625          194        29.09
        8.26     0.968750          194        32.00
        8.38     0.970313          198        33.68
        8.38     0.971875          198        35.56
        8.38     0.973437          198        37.65
        8.38     0.975000          198        40.00
        8.38     0.976562          198        42.67
        8.38     0.978125          198        45.71
        8.38     0.979688          198        49.23
        8.38     0.981250          198        53.33
        8.38     0.982812          198        58.18
        8.38     0.984375          198        64.00
        8.38     0.985156          198        67.37
        8.38     0.985938          198        71.11
        8.38     0.986719          198        75.29
        8.38     0.987500          198        80.00
        8.38     0.988281          198        85.33
        8.38     0.989062          198        91.43
        8.38     0.989844          198        98.46
        8.45     0.990625          200       106.67
        8.45     1.000000          200          inf
#[Mean    =        4.506, StdDeviation   =        1.920]
#[Max     =        8.447, Total count    =          200]
#[Buckets =           10, SubBuckets     =          256]
