       Value   Percentile   TotalCount 1/(1-Percentile)

        0.91     0.000000            1         1.00
        1.91     0.050000           90         1.05
        2.14     0.100000          183         1.11
        2.45     0.150000          270         1.18
        2.69     0.200000          361         1.25
        2.96     0.250000          451         1.33
        3.41     0.300000          540         1.43
        3.74     0.350000          633         1.54
        3.92     0.400000          731         1.67
        4.25     0.450000          819         1.82
        4.45     0.500000          915         2.00
        4.58     0.525000          959         2.11
        4.67     0.550000          994         2.22
        4.83     0.575000         1050         2.35
        4.93     0.600000         1083         2.50
        5.02     0.625000         1130         2.67
        5.15     0.650000         1176         2.86
        5.25     0.675000         1219         3.08
        5.41     0.700000         1260         3.33
        5.54     0.725000         1305         3.64
        5.79     0.750000         1352         4.00
        5.92     0.762500         1373         4.21
        6.05     0.775000         1395         4.44
        6.17     0.787500         1423         4.71
        6.27     0.800000         1440         5.00
        6.37     0.812500         1469         5.33
        6.46     0.825000         1487         5.71
        6.56     0.837500         1510         6.15
        6.66     0.850000         1533         6.67
        6.78     0.862500         1555         7.27
        6.94     0.875000         1578         8.00
        7.04     0.881250         1587         8.42
        7.17     0.887500         1601         8.89
        7.20     0.893750         1611         9.41
        7.23     0.900000         1621        10.00
        7.26     0.906250         1633        10.67
        7.36     0.912500         1649        11.43
        7.39     0.918750         1658        12.31
        7.49     0.925000         1669        13.33
        7.58     0.931250         1679        14.55
        7.65     0.937500         1689        16.00
        7.78     0.940625         1694        16.84
        7.87     0.943750         1699        17.78
        7.93     0.946875         1705        18.82
        8.00     0.950000         1710        20.00
        8.16     0.953125         1717        21.33
        8.26     0.956250         1722        22.86
        9.79     0.959375         1727        24.62
        9.86     0.962500         1734        26.67
        9.98     0.965625         1743        29.09
       10.05     0.968750         1745        32.00
       10.18     0.970313         1748        33.68
       10.24     0.971875         1755        35.56
       10.24     0.973437         1755        37.65
       10.24     0.975000         1755        40.00
       10.62     0.976562         1758        42.67
       10.69     0.978125         1761        45.71
       10.75     0.979688         1765        49.23
       11.01     0.981250         1767        53.33
       11.33     0.982812         1771        58.18
       11.39     0.984375         1772        64.00
       11.52     0.985156         1774        67.37
       11.65     0.985938         1775        71.11
       11.71     0.986719         1777        75.29
       11.78     0.987500         1778        80.00
       11.84     0.988281         1780        85.33
       11.97     0.989062         1781        91.43
       12.10     0.989844         1782        98.46
       12.22     0.990625         1784       106.67
       12.35     0.991406         1786       116.36
       12.35     0.992188         1786       128.00
       12.41     0.992578         1788       134.74
       12.41     0.992969         1788       142.22
       12.86     0.993359         1789       150.59
       12.86     0.993750         1789       160.00
       14.14     0.994141         1791       170.67
       14.14     0.994531         1791       182.86
       14.14     0.994922         1791       196.92
       14.21     0.995313         1793       213.33
       14.21     0.995703         1793       232.73
       14.21     0.996094         1793       256.00
       14.27     0.996289         1796       269.47
       14.27     0.996484         1796       284.44
       14.27     0.996680         1796       301.18
       14.27     0.996875         1796       320.00
       14.27     0.997070         1796       341.33
       14.27     0.997266         1796       365.71
       14.27     0.997461         1796       393.85
       14.27     0.997656         1796       426.67
       14.53     0.997852         1797       465.45
       14.53     0.998047         1797       512.00
       14.53     0.998145         1797       538.95
       14.53     0.998242         1797       568.89
       14.59     0.998340         1799       602.35
       14.59     0.998437         1799       640.00
       14.59     0.998535         1799       682.67
       14.59     0.998633         1799       731.43
       14.59     0.998730         1799       787.69
       14.59     0.998828         1799       853.33
       14.59     0.998926         1799       930.91
       14.59     0.999023         1799      1024.00
       14.59     0.999072         1799      1077.89
       14.59     0.999121         1799      1137.78
       14.59     0.999170         1799      1204.71
       14.59     0.999219         1799      1280.00
       14.59     0.999268         1799      1365.33
       14.59     0.999316         1799      1462.86
       14.59     0.999365         1799      1575.38
       14.59     0.999414         1799      1706.67
       14.72     0.999463         1800      1861.82
       14.72     1.000000         1800          inf
#[Mean    =        4.654, StdDeviation   =        2.179]
#[Max     =       14.719, Total count    =         1800]
#[Buckets =           10, SubBuckets     =          256]
